Bools:000
ObStr:32.000000
CmpSt:6.000000
IncMs:27
